InvoiceId	UnitPrice	Quantity	TrackId
1	0.99	1	2
1	0.99	1	4
2	0.99	1	6
2	0.99	1	8
2	0.99	1	10
2	0.99	1	12
3	0.99	1	16
3	0.99	1	20
3	0.99	1	24
3	0.99	1	28
3	0.99	1	32
3	0.99	1	36
4	0.99	1	42
4	0.99	1	48
4	0.99	1	54
4	0.99	1	60
4	0.99	1	66
4	0.99	1	72
4	0.99	1	78
4	0.99	1	84
4	0.99	1	90
5	0.99	1	99
5	0.99	1	108
5	0.99	1	117
5	0.99	1	126
5	0.99	1	135
5	0.99	1	144
5	0.99	1	153
5	0.99	1	162
5	0.99	1	171
5	0.99	1	180
5	0.99	1	189
5	0.99	1	198
5	0.99	1	207
5	0.99	1	216
6	0.99	1	230
7	0.99	1	231
7	0.99	1	232
8	0.99	1	234
8	0.99	1	236
9	0.99	1	238
9	0.99	1	240
9	0.99	1	242
9	0.99	1	244
10	0.99	1	248
10	0.99	1	252
10	0.99	1	256
10	0.99	1	260
10	0.99	1	264
10	0.99	1	268
11	0.99	1	274
11	0.99	1	280
11	0.99	1	286
11	0.99	1	292
11	0.99	1	298
11	0.99	1	304
11	0.99	1	310
11	0.99	1	316
11	0.99	1	322
12	0.99	1	331
12	0.99	1	340
12	0.99	1	349
12	0.99	1	358
12	0.99	1	367
12	0.99	1	376
12	0.99	1	385
12	0.99	1	394
12	0.99	1	403
12	0.99	1	412
12	0.99	1	421
12	0.99	1	430
12	0.99	1	439
12	0.99	1	448
13	0.99	1	462
14	0.99	1	463
14	0.99	1	464
15	0.99	1	466
15	0.99	1	468
16	0.99	1	470
16	0.99	1	472
16	0.99	1	474
16	0.99	1	476
17	0.99	1	480
17	0.99	1	484
17	0.99	1	488
17	0.99	1	492
17	0.99	1	496
17	0.99	1	500
18	0.99	1	506
18	0.99	1	512
18	0.99	1	518
18	0.99	1	524
18	0.99	1	530
18	0.99	1	536
18	0.99	1	542
18	0.99	1	548
18	0.99	1	554
19	0.99	1	563
19	0.99	1	572
19	0.99	1	581
19	0.99	1	590
19	0.99	1	599
19	0.99	1	608
19	0.99	1	617
19	0.99	1	626
19	0.99	1	635
19	0.99	1	644
19	0.99	1	653
19	0.99	1	662
19	0.99	1	671
19	0.99	1	680
20	0.99	1	694
21	0.99	1	695
21	0.99	1	696
22	0.99	1	698
22	0.99	1	700
23	0.99	1	702
23	0.99	1	704
23	0.99	1	706
23	0.99	1	708
24	0.99	1	712
24	0.99	1	716
24	0.99	1	720
24	0.99	1	724
24	0.99	1	728
24	0.99	1	732
25	0.99	1	738
25	0.99	1	744
25	0.99	1	750
25	0.99	1	756
25	0.99	1	762
25	0.99	1	768
25	0.99	1	774
25	0.99	1	780
25	0.99	1	786
26	0.99	1	795
26	0.99	1	804
26	0.99	1	813
26	0.99	1	822
26	0.99	1	831
26	0.99	1	840
26	0.99	1	849
26	0.99	1	858
26	0.99	1	867
26	0.99	1	876
26	0.99	1	885
26	0.99	1	894
26	0.99	1	903
26	0.99	1	912
27	0.99	1	926
28	0.99	1	927
28	0.99	1	928
29	0.99	1	930
29	0.99	1	932
30	0.99	1	934
30	0.99	1	936
30	0.99	1	938
30	0.99	1	940
31	0.99	1	944
31	0.99	1	948
31	0.99	1	952
31	0.99	1	956
31	0.99	1	960
31	0.99	1	964
32	0.99	1	970
32	0.99	1	976
32	0.99	1	982
32	0.99	1	988
32	0.99	1	994
32	0.99	1	1000
32	0.99	1	1006
32	0.99	1	1012
32	0.99	1	1018
33	0.99	1	1027
33	0.99	1	1036
33	0.99	1	1045
33	0.99	1	1054
33	0.99	1	1063
33	0.99	1	1072
33	0.99	1	1081
33	0.99	1	1090
33	0.99	1	1099
33	0.99	1	1108
33	0.99	1	1117
33	0.99	1	1126
33	0.99	1	1135
33	0.99	1	1144
34	0.99	1	1158
35	0.99	1	1159
35	0.99	1	1160
36	0.99	1	1162
36	0.99	1	1164
37	0.99	1	1166
37	0.99	1	1168
37	0.99	1	1170
37	0.99	1	1172
38	0.99	1	1176
38	0.99	1	1180
38	0.99	1	1184
38	0.99	1	1188
38	0.99	1	1192
38	0.99	1	1196
39	0.99	1	1202
39	0.99	1	1208
39	0.99	1	1214
39	0.99	1	1220
39	0.99	1	1226
39	0.99	1	1232
39	0.99	1	1238
39	0.99	1	1244
39	0.99	1	1250
40	0.99	1	1259
40	0.99	1	1268
40	0.99	1	1277
40	0.99	1	1286
40	0.99	1	1295
40	0.99	1	1304
40	0.99	1	1313
40	0.99	1	1322
40	0.99	1	1331
40	0.99	1	1340
40	0.99	1	1349
40	0.99	1	1358
40	0.99	1	1367
40	0.99	1	1376
41	0.99	1	1390
42	0.99	1	1391
42	0.99	1	1392
43	0.99	1	1394
43	0.99	1	1396
44	0.99	1	1398
44	0.99	1	1400
44	0.99	1	1402
44	0.99	1	1404
45	0.99	1	1408
45	0.99	1	1412
45	0.99	1	1416
45	0.99	1	1420
45	0.99	1	1424
45	0.99	1	1428
46	0.99	1	1434
46	0.99	1	1440
46	0.99	1	1446
46	0.99	1	1452
46	0.99	1	1458
46	0.99	1	1464
46	0.99	1	1470
46	0.99	1	1476
46	0.99	1	1482
47	0.99	1	1491
47	0.99	1	1500
47	0.99	1	1509
47	0.99	1	1518
47	0.99	1	1527
47	0.99	1	1536
47	0.99	1	1545
47	0.99	1	1554
47	0.99	1	1563
47	0.99	1	1572
47	0.99	1	1581
47	0.99	1	1590
47	0.99	1	1599
47	0.99	1	1608
48	0.99	1	1622
49	0.99	1	1623
49	0.99	1	1624
50	0.99	1	1626
50	0.99	1	1628
51	0.99	1	1630
51	0.99	1	1632
51	0.99	1	1634
51	0.99	1	1636
52	0.99	1	1640
52	0.99	1	1644
52	0.99	1	1648
52	0.99	1	1652
52	0.99	1	1656
52	0.99	1	1660
53	0.99	1	1666
53	0.99	1	1672
53	0.99	1	1678
53	0.99	1	1684
53	0.99	1	1690
53	0.99	1	1696
53	0.99	1	1702
53	0.99	1	1708
53	0.99	1	1714
54	0.99	1	1723
54	0.99	1	1732
54	0.99	1	1741
54	0.99	1	1750
54	0.99	1	1759
54	0.99	1	1768
54	0.99	1	1777
54	0.99	1	1786
54	0.99	1	1795
54	0.99	1	1804
54	0.99	1	1813
54	0.99	1	1822
54	0.99	1	1831
54	0.99	1	1840
55	0.99	1	1854
56	0.99	1	1855
56	0.99	1	1856
57	0.99	1	1858
57	0.99	1	1860
58	0.99	1	1862
58	0.99	1	1864
58	0.99	1	1866
58	0.99	1	1868
59	0.99	1	1872
59	0.99	1	1876
59	0.99	1	1880
59	0.99	1	1884
59	0.99	1	1888
59	0.99	1	1892
60	0.99	1	1898
60	0.99	1	1904
60	0.99	1	1910
60	0.99	1	1916
60	0.99	1	1922
60	0.99	1	1928
60	0.99	1	1934
60	0.99	1	1940
60	0.99	1	1946
61	0.99	1	1955
61	0.99	1	1964
61	0.99	1	1973
61	0.99	1	1982
61	0.99	1	1991
61	0.99	1	2000
61	0.99	1	2009
61	0.99	1	2018
61	0.99	1	2027
61	0.99	1	2036
61	0.99	1	2045
61	0.99	1	2054
61	0.99	1	2063
61	0.99	1	2072
62	0.99	1	2086
63	0.99	1	2087
63	0.99	1	2088
64	0.99	1	2090
64	0.99	1	2092
65	0.99	1	2094
65	0.99	1	2096
65	0.99	1	2098
65	0.99	1	2100
66	0.99	1	2104
66	0.99	1	2108
66	0.99	1	2112
66	0.99	1	2116
66	0.99	1	2120
66	0.99	1	2124
67	0.99	1	2130
67	0.99	1	2136
67	0.99	1	2142
67	0.99	1	2148
67	0.99	1	2154
67	0.99	1	2160
67	0.99	1	2166
67	0.99	1	2172
67	0.99	1	2178
68	0.99	1	2187
68	0.99	1	2196
68	0.99	1	2205
68	0.99	1	2214
68	0.99	1	2223
68	0.99	1	2232
68	0.99	1	2241
68	0.99	1	2250
68	0.99	1	2259
68	0.99	1	2268
68	0.99	1	2277
68	0.99	1	2286
68	0.99	1	2295
68	0.99	1	2304
69	0.99	1	2318
70	0.99	1	2319
70	0.99	1	2320
71	0.99	1	2322
71	0.99	1	2324
72	0.99	1	2326
72	0.99	1	2328
72	0.99	1	2330
72	0.99	1	2332
73	0.99	1	2336
73	0.99	1	2340
73	0.99	1	2344
73	0.99	1	2348
73	0.99	1	2352
73	0.99	1	2356
74	0.99	1	2362
74	0.99	1	2368
74	0.99	1	2374
74	0.99	1	2380
74	0.99	1	2386
74	0.99	1	2392
74	0.99	1	2398
74	0.99	1	2404
74	0.99	1	2410
75	0.99	1	2419
75	0.99	1	2428
75	0.99	1	2437
75	0.99	1	2446
75	0.99	1	2455
75	0.99	1	2464
75	0.99	1	2473
75	0.99	1	2482
75	0.99	1	2491
75	0.99	1	2500
75	0.99	1	2509
75	0.99	1	2518
75	0.99	1	2527
75	0.99	1	2536
76	0.99	1	2550
77	0.99	1	2551
77	0.99	1	2552
78	0.99	1	2554
78	0.99	1	2556
79	0.99	1	2558
79	0.99	1	2560
79	0.99	1	2562
79	0.99	1	2564
80	0.99	1	2568
80	0.99	1	2572
80	0.99	1	2576
80	0.99	1	2580
80	0.99	1	2584
80	0.99	1	2588
81	0.99	1	2594
81	0.99	1	2600
81	0.99	1	2606
81	0.99	1	2612
81	0.99	1	2618
81	0.99	1	2624
81	0.99	1	2630
81	0.99	1	2636
81	0.99	1	2642
82	0.99	1	2651
82	0.99	1	2660
82	0.99	1	2669
82	0.99	1	2678
82	0.99	1	2687
82	0.99	1	2696
82	0.99	1	2705
82	0.99	1	2714
82	0.99	1	2723
82	0.99	1	2732
82	0.99	1	2741
82	0.99	1	2750
82	0.99	1	2759
82	0.99	1	2768
83	0.99	1	2782
84	0.99	1	2783
84	0.99	1	2784
85	0.99	1	2786
85	0.99	1	2788
86	0.99	1	2790
86	0.99	1	2792
86	0.99	1	2794
86	0.99	1	2796
87	0.99	1	2800
87	0.99	1	2804
87	0.99	1	2808
87	0.99	1	2812
87	0.99	1	2816
87	1.99	1	2820
88	1.99	1	2826
88	1.99	1	2832
88	1.99	1	2838
88	1.99	1	2844
88	1.99	1	2850
88	1.99	1	2856
88	1.99	1	2862
88	1.99	1	2868
88	1.99	1	2874
89	1.99	1	2883
89	1.99	1	2892
89	1.99	1	2901
89	1.99	1	2910
89	1.99	1	2919
89	0.99	1	2928
89	0.99	1	2937
89	0.99	1	2946
89	0.99	1	2955
89	0.99	1	2964
89	0.99	1	2973
89	0.99	1	2982
89	0.99	1	2991
89	0.99	1	3000
90	0.99	1	3014
91	0.99	1	3015
91	0.99	1	3016
92	0.99	1	3018
92	0.99	1	3020
93	0.99	1	3022
93	0.99	1	3024
93	0.99	1	3026
93	0.99	1	3028
94	0.99	1	3032
94	0.99	1	3036
94	0.99	1	3040
94	0.99	1	3044
94	0.99	1	3048
94	0.99	1	3052
95	0.99	1	3058
95	0.99	1	3064
95	0.99	1	3070
95	0.99	1	3076
95	0.99	1	3082
95	0.99	1	3088
95	0.99	1	3094
95	0.99	1	3100
95	0.99	1	3106
96	0.99	1	3115
96	0.99	1	3124
96	0.99	1	3133
96	0.99	1	3142
96	0.99	1	3151
96	0.99	1	3160
96	1.99	1	3169
96	1.99	1	3178
96	1.99	1	3187
96	1.99	1	3196
96	1.99	1	3205
96	1.99	1	3214
96	1.99	1	3223
96	1.99	1	3232
97	1.99	1	3246
98	1.99	1	3247
98	1.99	1	3248
99	1.99	1	3250
99	1.99	1	3252
100	0.99	1	3254
100	0.99	1	3256
100	0.99	1	3258
100	0.99	1	3260
101	0.99	1	3264
101	0.99	1	3268
101	0.99	1	3272
101	0.99	1	3276
101	0.99	1	3280
101	0.99	1	3284
102	0.99	1	3290
102	0.99	1	3296
102	0.99	1	3302
102	0.99	1	3308
102	0.99	1	3314
102	0.99	1	3320
102	0.99	1	3326
102	0.99	1	3332
102	1.99	1	3338
103	1.99	1	3347
103	0.99	1	3356
103	0.99	1	3365
103	0.99	1	3374
103	0.99	1	3383
103	0.99	1	3392
103	0.99	1	3401
103	0.99	1	3410
103	0.99	1	3419
103	1.99	1	3428
103	0.99	1	3437
103	0.99	1	3446
103	0.99	1	3455
103	0.99	1	3464
104	0.99	1	3478
105	0.99	1	3479
105	0.99	1	3480
106	0.99	1	3482
106	0.99	1	3484
107	0.99	1	3486
107	0.99	1	3488
107	0.99	1	3490
107	0.99	1	3492
108	0.99	1	3496
108	0.99	1	3500
108	0.99	1	1
108	0.99	1	5
108	0.99	1	9
108	0.99	1	13
109	0.99	1	19
109	0.99	1	25
109	0.99	1	31
109	0.99	1	37
109	0.99	1	43
109	0.99	1	49
109	0.99	1	55
109	0.99	1	61
109	0.99	1	67
110	0.99	1	76
110	0.99	1	85
110	0.99	1	94
110	0.99	1	103
110	0.99	1	112
110	0.99	1	121
110	0.99	1	130
110	0.99	1	139
110	0.99	1	148
110	0.99	1	157
110	0.99	1	166
110	0.99	1	175
110	0.99	1	184
110	0.99	1	193
111	0.99	1	207
112	0.99	1	208
112	0.99	1	209
113	0.99	1	211
113	0.99	1	213
114	0.99	1	215
114	0.99	1	217
114	0.99	1	219
114	0.99	1	221
115	0.99	1	225
115	0.99	1	229
115	0.99	1	233
115	0.99	1	237
115	0.99	1	241
115	0.99	1	245
116	0.99	1	251
116	0.99	1	257
116	0.99	1	263
116	0.99	1	269
116	0.99	1	275
116	0.99	1	281
116	0.99	1	287
116	0.99	1	293
116	0.99	1	299
117	0.99	1	308
117	0.99	1	317
117	0.99	1	326
117	0.99	1	335
117	0.99	1	344
117	0.99	1	353
117	0.99	1	362
117	0.99	1	371
117	0.99	1	380
117	0.99	1	389
117	0.99	1	398
117	0.99	1	407
117	0.99	1	416
117	0.99	1	425
118	0.99	1	439
119	0.99	1	440
119	0.99	1	441
120	0.99	1	443
120	0.99	1	445
121	0.99	1	447
121	0.99	1	449
121	0.99	1	451
121	0.99	1	453
122	0.99	1	457
122	0.99	1	461
122	0.99	1	465
122	0.99	1	469
122	0.99	1	473
122	0.99	1	477
123	0.99	1	483
123	0.99	1	489
123	0.99	1	495
123	0.99	1	501
123	0.99	1	507
123	0.99	1	513
123	0.99	1	519
123	0.99	1	525
123	0.99	1	531
124	0.99	1	540
124	0.99	1	549
124	0.99	1	558
124	0.99	1	567
124	0.99	1	576
124	0.99	1	585
124	0.99	1	594
124	0.99	1	603
124	0.99	1	612
124	0.99	1	621
124	0.99	1	630
124	0.99	1	639
124	0.99	1	648
124	0.99	1	657
125	0.99	1	671
126	0.99	1	672
126	0.99	1	673
127	0.99	1	675
127	0.99	1	677
128	0.99	1	679
128	0.99	1	681
128	0.99	1	683
128	0.99	1	685
129	0.99	1	689
129	0.99	1	693
129	0.99	1	697
129	0.99	1	701
129	0.99	1	705
129	0.99	1	709
130	0.99	1	715
130	0.99	1	721
130	0.99	1	727
130	0.99	1	733
130	0.99	1	739
130	0.99	1	745
130	0.99	1	751
130	0.99	1	757
130	0.99	1	763
131	0.99	1	772
131	0.99	1	781
131	0.99	1	790
131	0.99	1	799
131	0.99	1	808
131	0.99	1	817
131	0.99	1	826
131	0.99	1	835
131	0.99	1	844
131	0.99	1	853
131	0.99	1	862
131	0.99	1	871
131	0.99	1	880
131	0.99	1	889
132	0.99	1	903
133	0.99	1	904
133	0.99	1	905
134	0.99	1	907
134	0.99	1	909
135	0.99	1	911
135	0.99	1	913
135	0.99	1	915
135	0.99	1	917
136	0.99	1	921
136	0.99	1	925
136	0.99	1	929
136	0.99	1	933
136	0.99	1	937
136	0.99	1	941
137	0.99	1	947
137	0.99	1	953
137	0.99	1	959
137	0.99	1	965
137	0.99	1	971
137	0.99	1	977
137	0.99	1	983
137	0.99	1	989
137	0.99	1	995
138	0.99	1	1004
138	0.99	1	1013
138	0.99	1	1022
138	0.99	1	1031
138	0.99	1	1040
138	0.99	1	1049
138	0.99	1	1058
138	0.99	1	1067
138	0.99	1	1076
138	0.99	1	1085
138	0.99	1	1094
138	0.99	1	1103
138	0.99	1	1112
138	0.99	1	1121
139	0.99	1	1135
140	0.99	1	1136
140	0.99	1	1137
141	0.99	1	1139
141	0.99	1	1141
142	0.99	1	1143
142	0.99	1	1145
142	0.99	1	1147
142	0.99	1	1149
143	0.99	1	1153
143	0.99	1	1157
143	0.99	1	1161
143	0.99	1	1165
143	0.99	1	1169
143	0.99	1	1173
144	0.99	1	1179
144	0.99	1	1185
144	0.99	1	1191
144	0.99	1	1197
144	0.99	1	1203
144	0.99	1	1209
144	0.99	1	1215
144	0.99	1	1221
144	0.99	1	1227
145	0.99	1	1236
145	0.99	1	1245
145	0.99	1	1254
145	0.99	1	1263
145	0.99	1	1272
145	0.99	1	1281
145	0.99	1	1290
145	0.99	1	1299
145	0.99	1	1308
145	0.99	1	1317
145	0.99	1	1326
145	0.99	1	1335
145	0.99	1	1344
145	0.99	1	1353
146	0.99	1	1367
147	0.99	1	1368
147	0.99	1	1369
148	0.99	1	1371
148	0.99	1	1373
149	0.99	1	1375
149	0.99	1	1377
149	0.99	1	1379
149	0.99	1	1381
150	0.99	1	1385
150	0.99	1	1389
150	0.99	1	1393
150	0.99	1	1397
150	0.99	1	1401
150	0.99	1	1405
151	0.99	1	1411
151	0.99	1	1417
151	0.99	1	1423
151	0.99	1	1429
151	0.99	1	1435
151	0.99	1	1441
151	0.99	1	1447
151	0.99	1	1453
151	0.99	1	1459
152	0.99	1	1468
152	0.99	1	1477
152	0.99	1	1486
152	0.99	1	1495
152	0.99	1	1504
152	0.99	1	1513
152	0.99	1	1522
152	0.99	1	1531
152	0.99	1	1540
152	0.99	1	1549
152	0.99	1	1558
152	0.99	1	1567
152	0.99	1	1576
152	0.99	1	1585
153	0.99	1	1599
154	0.99	1	1600
154	0.99	1	1601
155	0.99	1	1603
155	0.99	1	1605
156	0.99	1	1607
156	0.99	1	1609
156	0.99	1	1611
156	0.99	1	1613
157	0.99	1	1617
157	0.99	1	1621
157	0.99	1	1625
157	0.99	1	1629
157	0.99	1	1633
157	0.99	1	1637
158	0.99	1	1643
158	0.99	1	1649
158	0.99	1	1655
158	0.99	1	1661
158	0.99	1	1667
158	0.99	1	1673
158	0.99	1	1679
158	0.99	1	1685
158	0.99	1	1691
159	0.99	1	1700
159	0.99	1	1709
159	0.99	1	1718
159	0.99	1	1727
159	0.99	1	1736
159	0.99	1	1745
159	0.99	1	1754
159	0.99	1	1763
159	0.99	1	1772
159	0.99	1	1781
159	0.99	1	1790
159	0.99	1	1799
159	0.99	1	1808
159	0.99	1	1817
160	0.99	1	1831
161	0.99	1	1832
161	0.99	1	1833
162	0.99	1	1835
162	0.99	1	1837
163	0.99	1	1839
163	0.99	1	1841
163	0.99	1	1843
163	0.99	1	1845
164	0.99	1	1849
164	0.99	1	1853
164	0.99	1	1857
164	0.99	1	1861
164	0.99	1	1865
164	0.99	1	1869
165	0.99	1	1875
165	0.99	1	1881
165	0.99	1	1887
165	0.99	1	1893
165	0.99	1	1899
165	0.99	1	1905
165	0.99	1	1911
165	0.99	1	1917
165	0.99	1	1923
166	0.99	1	1932
166	0.99	1	1941
166	0.99	1	1950
166	0.99	1	1959
166	0.99	1	1968
166	0.99	1	1977
166	0.99	1	1986
166	0.99	1	1995
166	0.99	1	2004
166	0.99	1	2013
166	0.99	1	2022
166	0.99	1	2031
166	0.99	1	2040
166	0.99	1	2049
167	0.99	1	2063
168	0.99	1	2064
168	0.99	1	2065
169	0.99	1	2067
169	0.99	1	2069
170	0.99	1	2071
170	0.99	1	2073
170	0.99	1	2075
170	0.99	1	2077
171	0.99	1	2081
171	0.99	1	2085
171	0.99	1	2089
171	0.99	1	2093
171	0.99	1	2097
171	0.99	1	2101
172	0.99	1	2107
172	0.99	1	2113
172	0.99	1	2119
172	0.99	1	2125
172	0.99	1	2131
172	0.99	1	2137
172	0.99	1	2143
172	0.99	1	2149
172	0.99	1	2155
173	0.99	1	2164
173	0.99	1	2173
173	0.99	1	2182
173	0.99	1	2191
173	0.99	1	2200
173	0.99	1	2209
173	0.99	1	2218
173	0.99	1	2227
173	0.99	1	2236
173	0.99	1	2245
173	0.99	1	2254
173	0.99	1	2263
173	0.99	1	2272
173	0.99	1	2281
174	0.99	1	2295
175	0.99	1	2296
175	0.99	1	2297
176	0.99	1	2299
176	0.99	1	2301
177	0.99	1	2303
177	0.99	1	2305
177	0.99	1	2307
177	0.99	1	2309
178	0.99	1	2313
178	0.99	1	2317
178	0.99	1	2321
178	0.99	1	2325
178	0.99	1	2329
178	0.99	1	2333
179	0.99	1	2339
179	0.99	1	2345
179	0.99	1	2351
179	0.99	1	2357
179	0.99	1	2363
179	0.99	1	2369
179	0.99	1	2375
179	0.99	1	2381
179	0.99	1	2387
180	0.99	1	2396
180	0.99	1	2405
180	0.99	1	2414
180	0.99	1	2423
180	0.99	1	2432
180	0.99	1	2441
180	0.99	1	2450
180	0.99	1	2459
180	0.99	1	2468
180	0.99	1	2477
180	0.99	1	2486
180	0.99	1	2495
180	0.99	1	2504
180	0.99	1	2513
181	0.99	1	2527
182	0.99	1	2528
182	0.99	1	2529
183	0.99	1	2531
183	0.99	1	2533
184	0.99	1	2535
184	0.99	1	2537
184	0.99	1	2539
184	0.99	1	2541
185	0.99	1	2545
185	0.99	1	2549
185	0.99	1	2553
185	0.99	1	2557
185	0.99	1	2561
185	0.99	1	2565
186	0.99	1	2571
186	0.99	1	2577
186	0.99	1	2583
186	0.99	1	2589
186	0.99	1	2595
186	0.99	1	2601
186	0.99	1	2607
186	0.99	1	2613
186	0.99	1	2619
187	0.99	1	2628
187	0.99	1	2637
187	0.99	1	2646
187	0.99	1	2655
187	0.99	1	2664
187	0.99	1	2673
187	0.99	1	2682
187	0.99	1	2691
187	0.99	1	2700
187	0.99	1	2709
187	0.99	1	2718
187	0.99	1	2727
187	0.99	1	2736
187	0.99	1	2745
188	0.99	1	2759
189	0.99	1	2760
189	0.99	1	2761
190	0.99	1	2763
190	0.99	1	2765
191	0.99	1	2767
191	0.99	1	2769
191	0.99	1	2771
191	0.99	1	2773
192	0.99	1	2777
192	0.99	1	2781
192	0.99	1	2785
192	0.99	1	2789
192	0.99	1	2793
192	0.99	1	2797
193	0.99	1	2803
193	0.99	1	2809
193	0.99	1	2815
193	1.99	1	2821
193	1.99	1	2827
193	1.99	1	2833
193	1.99	1	2839
193	1.99	1	2845
193	1.99	1	2851
194	1.99	1	2860
194	1.99	1	2869
194	1.99	1	2878
194	1.99	1	2887
194	1.99	1	2896
194	1.99	1	2905
194	1.99	1	2914
194	1.99	1	2923
194	0.99	1	2932
194	0.99	1	2941
194	0.99	1	2950
194	0.99	1	2959
194	0.99	1	2968
194	0.99	1	2977
195	0.99	1	2991
196	0.99	1	2992
196	0.99	1	2993
197	0.99	1	2995
197	0.99	1	2997
198	0.99	1	2999
198	0.99	1	3001
198	0.99	1	3003
198	0.99	1	3005
199	0.99	1	3009
199	0.99	1	3013
199	0.99	1	3017
199	0.99	1	3021
199	0.99	1	3025
199	0.99	1	3029
200	0.99	1	3035
200	0.99	1	3041
200	0.99	1	3047
200	0.99	1	3053
200	0.99	1	3059
200	0.99	1	3065
200	0.99	1	3071
200	0.99	1	3077
200	0.99	1	3083
201	0.99	1	3092
201	0.99	1	3101
201	0.99	1	3110
201	0.99	1	3119
201	0.99	1	3128
201	0.99	1	3137
201	0.99	1	3146
201	0.99	1	3155
201	0.99	1	3164
201	1.99	1	3173
201	1.99	1	3182
201	1.99	1	3191
201	1.99	1	3200
201	1.99	1	3209
202	1.99	1	3223
203	1.99	1	3224
203	0.99	1	3225
204	1.99	1	3227
204	1.99	1	3229
205	1.99	1	3231
205	1.99	1	3233
205	1.99	1	3235
205	1.99	1	3237
206	1.99	1	3241
206	1.99	1	3245
206	1.99	1	3249
206	0.99	1	3253
206	0.99	1	3257
206	0.99	1	3261
207	0.99	1	3267
207	0.99	1	3273
207	0.99	1	3279
207	0.99	1	3285
207	0.99	1	3291
207	0.99	1	3297
207	0.99	1	3303
207	0.99	1	3309
207	0.99	1	3315
208	0.99	1	3324
208	0.99	1	3333
208	1.99	1	3342
208	0.99	1	3351
208	1.99	1	3360
208	0.99	1	3369
208	0.99	1	3378
208	0.99	1	3387
208	0.99	1	3396
208	0.99	1	3405
208	0.99	1	3414
208	0.99	1	3423
208	0.99	1	3432
208	0.99	1	3441
209	0.99	1	3455
210	0.99	1	3456
210	0.99	1	3457
211	0.99	1	3459
211	0.99	1	3461
212	0.99	1	3463
212	0.99	1	3465
212	0.99	1	3467
212	0.99	1	3469
213	0.99	1	3473
213	0.99	1	3477
213	0.99	1	3481
213	0.99	1	3485
213	0.99	1	3489
213	0.99	1	3493
214	0.99	1	3499
214	0.99	1	2
214	0.99	1	8
214	0.99	1	14
214	0.99	1	20
214	0.99	1	26
214	0.99	1	32
214	0.99	1	38
214	0.99	1	44
215	0.99	1	53
215	0.99	1	62
215	0.99	1	71
215	0.99	1	80
215	0.99	1	89
215	0.99	1	98
215	0.99	1	107
215	0.99	1	116
215	0.99	1	125
215	0.99	1	134
215	0.99	1	143
215	0.99	1	152
215	0.99	1	161
215	0.99	1	170
216	0.99	1	184
217	0.99	1	185
217	0.99	1	186
218	0.99	1	188
218	0.99	1	190
219	0.99	1	192
219	0.99	1	194
219	0.99	1	196
219	0.99	1	198
220	0.99	1	202
220	0.99	1	206
220	0.99	1	210
220	0.99	1	214
220	0.99	1	218
220	0.99	1	222
221	0.99	1	228
221	0.99	1	234
221	0.99	1	240
221	0.99	1	246
221	0.99	1	252
221	0.99	1	258
221	0.99	1	264
221	0.99	1	270
221	0.99	1	276
222	0.99	1	285
222	0.99	1	294
222	0.99	1	303
222	0.99	1	312
222	0.99	1	321
222	0.99	1	330
222	0.99	1	339
222	0.99	1	348
222	0.99	1	357
222	0.99	1	366
222	0.99	1	375
222	0.99	1	384
222	0.99	1	393
222	0.99	1	402
223	0.99	1	416
224	0.99	1	417
224	0.99	1	418
225	0.99	1	420
225	0.99	1	422
226	0.99	1	424
226	0.99	1	426
226	0.99	1	428
226	0.99	1	430
227	0.99	1	434
227	0.99	1	438
227	0.99	1	442
227	0.99	1	446
227	0.99	1	450
227	0.99	1	454
228	0.99	1	460
228	0.99	1	466
228	0.99	1	472
228	0.99	1	478
228	0.99	1	484
228	0.99	1	490
228	0.99	1	496
228	0.99	1	502
228	0.99	1	508
229	0.99	1	517
229	0.99	1	526
229	0.99	1	535
229	0.99	1	544
229	0.99	1	553
229	0.99	1	562
229	0.99	1	571
229	0.99	1	580
229	0.99	1	589
229	0.99	1	598
229	0.99	1	607
229	0.99	1	616
229	0.99	1	625
229	0.99	1	634
230	0.99	1	648
231	0.99	1	649
231	0.99	1	650
232	0.99	1	652
232	0.99	1	654
233	0.99	1	656
233	0.99	1	658
233	0.99	1	660
233	0.99	1	662
234	0.99	1	666
234	0.99	1	670
234	0.99	1	674
234	0.99	1	678
234	0.99	1	682
234	0.99	1	686
235	0.99	1	692
235	0.99	1	698
235	0.99	1	704
235	0.99	1	710
235	0.99	1	716
235	0.99	1	722
235	0.99	1	728
235	0.99	1	734
235	0.99	1	740
236	0.99	1	749
236	0.99	1	758
236	0.99	1	767
236	0.99	1	776
236	0.99	1	785
236	0.99	1	794
236	0.99	1	803
236	0.99	1	812
236	0.99	1	821
236	0.99	1	830
236	0.99	1	839
236	0.99	1	848
236	0.99	1	857
236	0.99	1	866
237	0.99	1	880
238	0.99	1	881
238	0.99	1	882
239	0.99	1	884
239	0.99	1	886
240	0.99	1	888
240	0.99	1	890
240	0.99	1	892
240	0.99	1	894
241	0.99	1	898
241	0.99	1	902
241	0.99	1	906
241	0.99	1	910
241	0.99	1	914
241	0.99	1	918
242	0.99	1	924
242	0.99	1	930
242	0.99	1	936
242	0.99	1	942
242	0.99	1	948
242	0.99	1	954
242	0.99	1	960
242	0.99	1	966
242	0.99	1	972
243	0.99	1	981
243	0.99	1	990
243	0.99	1	999
243	0.99	1	1008
243	0.99	1	1017
243	0.99	1	1026
243	0.99	1	1035
243	0.99	1	1044
243	0.99	1	1053
243	0.99	1	1062
243	0.99	1	1071
243	0.99	1	1080
243	0.99	1	1089
243	0.99	1	1098
244	0.99	1	1112
245	0.99	1	1113
245	0.99	1	1114
246	0.99	1	1116
246	0.99	1	1118
247	0.99	1	1120
247	0.99	1	1122
247	0.99	1	1124
247	0.99	1	1126
248	0.99	1	1130
248	0.99	1	1134
248	0.99	1	1138
248	0.99	1	1142
248	0.99	1	1146
248	0.99	1	1150
249	0.99	1	1156
249	0.99	1	1162
249	0.99	1	1168
249	0.99	1	1174
249	0.99	1	1180
249	0.99	1	1186
249	0.99	1	1192
249	0.99	1	1198
249	0.99	1	1204
250	0.99	1	1213
250	0.99	1	1222
250	0.99	1	1231
250	0.99	1	1240
250	0.99	1	1249
250	0.99	1	1258
250	0.99	1	1267
250	0.99	1	1276
250	0.99	1	1285
250	0.99	1	1294
250	0.99	1	1303
250	0.99	1	1312
250	0.99	1	1321
250	0.99	1	1330
251	0.99	1	1344
252	0.99	1	1345
252	0.99	1	1346
253	0.99	1	1348
253	0.99	1	1350
254	0.99	1	1352
254	0.99	1	1354
254	0.99	1	1356
254	0.99	1	1358
255	0.99	1	1362
255	0.99	1	1366
255	0.99	1	1370
255	0.99	1	1374
255	0.99	1	1378
255	0.99	1	1382
256	0.99	1	1388
256	0.99	1	1394
256	0.99	1	1400
256	0.99	1	1406
256	0.99	1	1412
256	0.99	1	1418
256	0.99	1	1424
256	0.99	1	1430
256	0.99	1	1436
257	0.99	1	1445
257	0.99	1	1454
257	0.99	1	1463
257	0.99	1	1472
257	0.99	1	1481
257	0.99	1	1490
257	0.99	1	1499
257	0.99	1	1508
257	0.99	1	1517
257	0.99	1	1526
257	0.99	1	1535
257	0.99	1	1544
257	0.99	1	1553
257	0.99	1	1562
258	0.99	1	1576
259	0.99	1	1577
259	0.99	1	1578
260	0.99	1	1580
260	0.99	1	1582
261	0.99	1	1584
261	0.99	1	1586
261	0.99	1	1588
261	0.99	1	1590
262	0.99	1	1594
262	0.99	1	1598
262	0.99	1	1602
262	0.99	1	1606
262	0.99	1	1610
262	0.99	1	1614
263	0.99	1	1620
263	0.99	1	1626
263	0.99	1	1632
263	0.99	1	1638
263	0.99	1	1644
263	0.99	1	1650
263	0.99	1	1656
263	0.99	1	1662
263	0.99	1	1668
264	0.99	1	1677
264	0.99	1	1686
264	0.99	1	1695
264	0.99	1	1704
264	0.99	1	1713
264	0.99	1	1722
264	0.99	1	1731
264	0.99	1	1740
264	0.99	1	1749
264	0.99	1	1758
264	0.99	1	1767
264	0.99	1	1776
264	0.99	1	1785
264	0.99	1	1794
265	0.99	1	1808
266	0.99	1	1809
266	0.99	1	1810
267	0.99	1	1812
267	0.99	1	1814
268	0.99	1	1816
268	0.99	1	1818
268	0.99	1	1820
268	0.99	1	1822
269	0.99	1	1826
269	0.99	1	1830
269	0.99	1	1834
269	0.99	1	1838
269	0.99	1	1842
269	0.99	1	1846
270	0.99	1	1852
270	0.99	1	1858
270	0.99	1	1864
270	0.99	1	1870
270	0.99	1	1876
270	0.99	1	1882
270	0.99	1	1888
270	0.99	1	1894
270	0.99	1	1900
271	0.99	1	1909
271	0.99	1	1918
271	0.99	1	1927
271	0.99	1	1936
271	0.99	1	1945
271	0.99	1	1954
271	0.99	1	1963
271	0.99	1	1972
271	0.99	1	1981
271	0.99	1	1990
271	0.99	1	1999
271	0.99	1	2008
271	0.99	1	2017
271	0.99	1	2026
272	0.99	1	2040
273	0.99	1	2041
273	0.99	1	2042
274	0.99	1	2044
274	0.99	1	2046
275	0.99	1	2048
275	0.99	1	2050
275	0.99	1	2052
275	0.99	1	2054
276	0.99	1	2058
276	0.99	1	2062
276	0.99	1	2066
276	0.99	1	2070
276	0.99	1	2074
276	0.99	1	2078
277	0.99	1	2084
277	0.99	1	2090
277	0.99	1	2096
277	0.99	1	2102
277	0.99	1	2108
277	0.99	1	2114
277	0.99	1	2120
277	0.99	1	2126
277	0.99	1	2132
278	0.99	1	2141
278	0.99	1	2150
278	0.99	1	2159
278	0.99	1	2168
278	0.99	1	2177
278	0.99	1	2186
278	0.99	1	2195
278	0.99	1	2204
278	0.99	1	2213
278	0.99	1	2222
278	0.99	1	2231
278	0.99	1	2240
278	0.99	1	2249
278	0.99	1	2258
279	0.99	1	2272
280	0.99	1	2273
280	0.99	1	2274
281	0.99	1	2276
281	0.99	1	2278
282	0.99	1	2280
282	0.99	1	2282
282	0.99	1	2284
282	0.99	1	2286
283	0.99	1	2290
283	0.99	1	2294
283	0.99	1	2298
283	0.99	1	2302
283	0.99	1	2306
283	0.99	1	2310
284	0.99	1	2316
284	0.99	1	2322
284	0.99	1	2328
284	0.99	1	2334
284	0.99	1	2340
284	0.99	1	2346
284	0.99	1	2352
284	0.99	1	2358
284	0.99	1	2364
285	0.99	1	2373
285	0.99	1	2382
285	0.99	1	2391
285	0.99	1	2400
285	0.99	1	2409
285	0.99	1	2418
285	0.99	1	2427
285	0.99	1	2436
285	0.99	1	2445
285	0.99	1	2454
285	0.99	1	2463
285	0.99	1	2472
285	0.99	1	2481
285	0.99	1	2490
286	0.99	1	2504
287	0.99	1	2505
287	0.99	1	2506
288	0.99	1	2508
288	0.99	1	2510
289	0.99	1	2512
289	0.99	1	2514
289	0.99	1	2516
289	0.99	1	2518
290	0.99	1	2522
290	0.99	1	2526
290	0.99	1	2530
290	0.99	1	2534
290	0.99	1	2538
290	0.99	1	2542
291	0.99	1	2548
291	0.99	1	2554
291	0.99	1	2560
291	0.99	1	2566
291	0.99	1	2572
291	0.99	1	2578
291	0.99	1	2584
291	0.99	1	2590
291	0.99	1	2596
292	0.99	1	2605
292	0.99	1	2614
292	0.99	1	2623
292	0.99	1	2632
292	0.99	1	2641
292	0.99	1	2650
292	0.99	1	2659
292	0.99	1	2668
292	0.99	1	2677
292	0.99	1	2686
292	0.99	1	2695
292	0.99	1	2704
292	0.99	1	2713
292	0.99	1	2722
293	0.99	1	2736
294	0.99	1	2737
294	0.99	1	2738
295	0.99	1	2740
295	0.99	1	2742
296	0.99	1	2744
296	0.99	1	2746
296	0.99	1	2748
296	0.99	1	2750
297	0.99	1	2754
297	0.99	1	2758
297	0.99	1	2762
297	0.99	1	2766
297	0.99	1	2770
297	0.99	1	2774
298	0.99	1	2780
298	0.99	1	2786
298	0.99	1	2792
298	0.99	1	2798
298	0.99	1	2804
298	0.99	1	2810
298	0.99	1	2816
298	1.99	1	2822
298	1.99	1	2828
299	1.99	1	2837
299	1.99	1	2846
299	1.99	1	2855
299	1.99	1	2864
299	1.99	1	2873
299	1.99	1	2882
299	1.99	1	2891
299	1.99	1	2900
299	1.99	1	2909
299	1.99	1	2918
299	0.99	1	2927
299	0.99	1	2936
299	0.99	1	2945
299	0.99	1	2954
300	0.99	1	2968
301	0.99	1	2969
301	0.99	1	2970
302	0.99	1	2972
302	0.99	1	2974
303	0.99	1	2976
303	0.99	1	2978
303	0.99	1	2980
303	0.99	1	2982
304	0.99	1	2986
304	0.99	1	2990
304	0.99	1	2994
304	0.99	1	2998
304	0.99	1	3002
304	0.99	1	3006
305	0.99	1	3012
305	0.99	1	3018
305	0.99	1	3024
305	0.99	1	3030
305	0.99	1	3036
305	0.99	1	3042
305	0.99	1	3048
305	0.99	1	3054
305	0.99	1	3060
306	0.99	1	3069
306	0.99	1	3078
306	0.99	1	3087
306	0.99	1	3096
306	0.99	1	3105
306	0.99	1	3114
306	0.99	1	3123
306	0.99	1	3132
306	0.99	1	3141
306	0.99	1	3150
306	0.99	1	3159
306	1.99	1	3168
306	1.99	1	3177
306	1.99	1	3186
307	1.99	1	3200
308	1.99	1	3201
308	1.99	1	3202
309	1.99	1	3204
309	1.99	1	3206
310	1.99	1	3208
310	1.99	1	3210
310	1.99	1	3212
310	1.99	1	3214
311	1.99	1	3218
311	1.99	1	3222
311	1.99	1	3226
311	1.99	1	3230
311	1.99	1	3234
311	1.99	1	3238
312	1.99	1	3244
312	1.99	1	3250
312	0.99	1	3256
312	0.99	1	3262
312	0.99	1	3268
312	0.99	1	3274
312	0.99	1	3280
312	0.99	1	3286
312	0.99	1	3292
313	0.99	1	3301
313	0.99	1	3310
313	0.99	1	3319
313	0.99	1	3328
313	1.99	1	3337
313	1.99	1	3346
313	0.99	1	3355
313	1.99	1	3364
313	0.99	1	3373
313	0.99	1	3382
313	0.99	1	3391
313	0.99	1	3400
313	0.99	1	3409
313	0.99	1	3418
314	0.99	1	3432
315	0.99	1	3433
315	0.99	1	3434
316	0.99	1	3436
316	0.99	1	3438
317	0.99	1	3440
317	0.99	1	3442
317	0.99	1	3444
317	0.99	1	3446
318	0.99	1	3450
318	0.99	1	3454
318	0.99	1	3458
318	0.99	1	3462
318	0.99	1	3466
318	0.99	1	3470
319	0.99	1	3476
319	0.99	1	3482
319	0.99	1	3488
319	0.99	1	3494
319	0.99	1	3500
319	0.99	1	3
319	0.99	1	9
319	0.99	1	15
319	0.99	1	21
320	0.99	1	30
320	0.99	1	39
320	0.99	1	48
320	0.99	1	57
320	0.99	1	66
320	0.99	1	75
320	0.99	1	84
320	0.99	1	93
320	0.99	1	102
320	0.99	1	111
320	0.99	1	120
320	0.99	1	129
320	0.99	1	138
320	0.99	1	147
321	0.99	1	161
322	0.99	1	162
322	0.99	1	163
323	0.99	1	165
323	0.99	1	167
324	0.99	1	169
324	0.99	1	171
324	0.99	1	173
324	0.99	1	175
325	0.99	1	179
325	0.99	1	183
325	0.99	1	187
325	0.99	1	191
325	0.99	1	195
325	0.99	1	199
326	0.99	1	205
326	0.99	1	211
326	0.99	1	217
326	0.99	1	223
326	0.99	1	229
326	0.99	1	235
326	0.99	1	241
326	0.99	1	247
326	0.99	1	253
327	0.99	1	262
327	0.99	1	271
327	0.99	1	280
327	0.99	1	289
327	0.99	1	298
327	0.99	1	307
327	0.99	1	316
327	0.99	1	325
327	0.99	1	334
327	0.99	1	343
327	0.99	1	352
327	0.99	1	361
327	0.99	1	370
327	0.99	1	379
328	0.99	1	393
329	0.99	1	394
329	0.99	1	395
330	0.99	1	397
330	0.99	1	399
331	0.99	1	401
331	0.99	1	403
331	0.99	1	405
331	0.99	1	407
332	0.99	1	411
332	0.99	1	415
332	0.99	1	419
332	0.99	1	423
332	0.99	1	427
332	0.99	1	431
333	0.99	1	437
333	0.99	1	443
333	0.99	1	449
333	0.99	1	455
333	0.99	1	461
333	0.99	1	467
333	0.99	1	473
333	0.99	1	479
333	0.99	1	485
334	0.99	1	494
334	0.99	1	503
334	0.99	1	512
334	0.99	1	521
334	0.99	1	530
334	0.99	1	539
334	0.99	1	548
334	0.99	1	557
334	0.99	1	566
334	0.99	1	575
334	0.99	1	584
334	0.99	1	593
334	0.99	1	602
334	0.99	1	611
335	0.99	1	625
336	0.99	1	626
336	0.99	1	627
337	0.99	1	629
337	0.99	1	631
338	0.99	1	633
338	0.99	1	635
338	0.99	1	637
338	0.99	1	639
339	0.99	1	643
339	0.99	1	647
339	0.99	1	651
339	0.99	1	655
339	0.99	1	659
339	0.99	1	663
340	0.99	1	669
340	0.99	1	675
340	0.99	1	681
340	0.99	1	687
340	0.99	1	693
340	0.99	1	699
340	0.99	1	705
340	0.99	1	711
340	0.99	1	717
341	0.99	1	726
341	0.99	1	735
341	0.99	1	744
341	0.99	1	753
341	0.99	1	762
341	0.99	1	771
341	0.99	1	780
341	0.99	1	789
341	0.99	1	798
341	0.99	1	807
341	0.99	1	816
341	0.99	1	825
341	0.99	1	834
341	0.99	1	843
342	0.99	1	857
343	0.99	1	858
343	0.99	1	859
344	0.99	1	861
344	0.99	1	863
345	0.99	1	865
345	0.99	1	867
345	0.99	1	869
345	0.99	1	871
346	0.99	1	875
346	0.99	1	879
346	0.99	1	883
346	0.99	1	887
346	0.99	1	891
346	0.99	1	895
347	0.99	1	901
347	0.99	1	907
347	0.99	1	913
347	0.99	1	919
347	0.99	1	925
347	0.99	1	931
347	0.99	1	937
347	0.99	1	943
347	0.99	1	949
348	0.99	1	958
348	0.99	1	967
348	0.99	1	976
348	0.99	1	985
348	0.99	1	994
348	0.99	1	1003
348	0.99	1	1012
348	0.99	1	1021
348	0.99	1	1030
348	0.99	1	1039
348	0.99	1	1048
348	0.99	1	1057
348	0.99	1	1066
348	0.99	1	1075
349	0.99	1	1089
350	0.99	1	1090
350	0.99	1	1091
351	0.99	1	1093
351	0.99	1	1095
352	0.99	1	1097
352	0.99	1	1099
352	0.99	1	1101
352	0.99	1	1103
353	0.99	1	1107
353	0.99	1	1111
353	0.99	1	1115
353	0.99	1	1119
353	0.99	1	1123
353	0.99	1	1127
354	0.99	1	1133
354	0.99	1	1139
354	0.99	1	1145
354	0.99	1	1151
354	0.99	1	1157
354	0.99	1	1163
354	0.99	1	1169
354	0.99	1	1175
354	0.99	1	1181
355	0.99	1	1190
355	0.99	1	1199
355	0.99	1	1208
355	0.99	1	1217
355	0.99	1	1226
355	0.99	1	1235
355	0.99	1	1244
355	0.99	1	1253
355	0.99	1	1262
355	0.99	1	1271
355	0.99	1	1280
355	0.99	1	1289
355	0.99	1	1298
355	0.99	1	1307
356	0.99	1	1321
357	0.99	1	1322
357	0.99	1	1323
358	0.99	1	1325
358	0.99	1	1327
359	0.99	1	1329
359	0.99	1	1331
359	0.99	1	1333
359	0.99	1	1335
360	0.99	1	1339
360	0.99	1	1343
360	0.99	1	1347
360	0.99	1	1351
360	0.99	1	1355
360	0.99	1	1359
361	0.99	1	1365
361	0.99	1	1371
361	0.99	1	1377
361	0.99	1	1383
361	0.99	1	1389
361	0.99	1	1395
361	0.99	1	1401
361	0.99	1	1407
361	0.99	1	1413
362	0.99	1	1422
362	0.99	1	1431
362	0.99	1	1440
362	0.99	1	1449
362	0.99	1	1458
362	0.99	1	1467
362	0.99	1	1476
362	0.99	1	1485
362	0.99	1	1494
362	0.99	1	1503
362	0.99	1	1512
362	0.99	1	1521
362	0.99	1	1530
362	0.99	1	1539
363	0.99	1	1553
364	0.99	1	1554
364	0.99	1	1555
365	0.99	1	1557
365	0.99	1	1559
366	0.99	1	1561
366	0.99	1	1563
366	0.99	1	1565
366	0.99	1	1567
367	0.99	1	1571
367	0.99	1	1575
367	0.99	1	1579
367	0.99	1	1583
367	0.99	1	1587
367	0.99	1	1591
368	0.99	1	1597
368	0.99	1	1603
368	0.99	1	1609
368	0.99	1	1615
368	0.99	1	1621
368	0.99	1	1627
368	0.99	1	1633
368	0.99	1	1639
368	0.99	1	1645
369	0.99	1	1654
369	0.99	1	1663
369	0.99	1	1672
369	0.99	1	1681
369	0.99	1	1690
369	0.99	1	1699
369	0.99	1	1708
369	0.99	1	1717
369	0.99	1	1726
369	0.99	1	1735
369	0.99	1	1744
369	0.99	1	1753
369	0.99	1	1762
369	0.99	1	1771
370	0.99	1	1785
371	0.99	1	1786
371	0.99	1	1787
372	0.99	1	1789
372	0.99	1	1791
373	0.99	1	1793
373	0.99	1	1795
373	0.99	1	1797
373	0.99	1	1799
374	0.99	1	1803
374	0.99	1	1807
374	0.99	1	1811
374	0.99	1	1815
374	0.99	1	1819
374	0.99	1	1823
375	0.99	1	1829
375	0.99	1	1835
375	0.99	1	1841
375	0.99	1	1847
375	0.99	1	1853
375	0.99	1	1859
375	0.99	1	1865
375	0.99	1	1871
375	0.99	1	1877
376	0.99	1	1886
376	0.99	1	1895
376	0.99	1	1904
376	0.99	1	1913
376	0.99	1	1922
376	0.99	1	1931
376	0.99	1	1940
376	0.99	1	1949
376	0.99	1	1958
376	0.99	1	1967
376	0.99	1	1976
376	0.99	1	1985
376	0.99	1	1994
376	0.99	1	2003
377	0.99	1	2017
378	0.99	1	2018
378	0.99	1	2019
379	0.99	1	2021
379	0.99	1	2023
380	0.99	1	2025
380	0.99	1	2027
380	0.99	1	2029
380	0.99	1	2031
381	0.99	1	2035
381	0.99	1	2039
381	0.99	1	2043
381	0.99	1	2047
381	0.99	1	2051
381	0.99	1	2055
382	0.99	1	2061
382	0.99	1	2067
382	0.99	1	2073
382	0.99	1	2079
382	0.99	1	2085
382	0.99	1	2091
382	0.99	1	2097
382	0.99	1	2103
382	0.99	1	2109
383	0.99	1	2118
383	0.99	1	2127
383	0.99	1	2136
383	0.99	1	2145
383	0.99	1	2154
383	0.99	1	2163
383	0.99	1	2172
383	0.99	1	2181
383	0.99	1	2190
383	0.99	1	2199
383	0.99	1	2208
383	0.99	1	2217
383	0.99	1	2226
383	0.99	1	2235
384	0.99	1	2249
385	0.99	1	2250
385	0.99	1	2251
386	0.99	1	2253
386	0.99	1	2255
387	0.99	1	2257
387	0.99	1	2259
387	0.99	1	2261
387	0.99	1	2263
388	0.99	1	2267
388	0.99	1	2271
388	0.99	1	2275
388	0.99	1	2279
388	0.99	1	2283
388	0.99	1	2287
389	0.99	1	2293
389	0.99	1	2299
389	0.99	1	2305
389	0.99	1	2311
389	0.99	1	2317
389	0.99	1	2323
389	0.99	1	2329
389	0.99	1	2335
389	0.99	1	2341
390	0.99	1	2350
390	0.99	1	2359
390	0.99	1	2368
390	0.99	1	2377
390	0.99	1	2386
390	0.99	1	2395
390	0.99	1	2404
390	0.99	1	2413
390	0.99	1	2422
390	0.99	1	2431
390	0.99	1	2440
390	0.99	1	2449
390	0.99	1	2458
390	0.99	1	2467
391	0.99	1	2481
392	0.99	1	2482
392	0.99	1	2483
393	0.99	1	2485
393	0.99	1	2487
394	0.99	1	2489
394	0.99	1	2491
394	0.99	1	2493
394	0.99	1	2495
395	0.99	1	2499
395	0.99	1	2503
395	0.99	1	2507
395	0.99	1	2511
395	0.99	1	2515
395	0.99	1	2519
396	0.99	1	2525
396	0.99	1	2531
396	0.99	1	2537
396	0.99	1	2543
396	0.99	1	2549
396	0.99	1	2555
396	0.99	1	2561
396	0.99	1	2567
396	0.99	1	2573
397	0.99	1	2582
397	0.99	1	2591
397	0.99	1	2600
397	0.99	1	2609
397	0.99	1	2618
397	0.99	1	2627
397	0.99	1	2636
397	0.99	1	2645
397	0.99	1	2654
397	0.99	1	2663
397	0.99	1	2672
397	0.99	1	2681
397	0.99	1	2690
397	0.99	1	2699
398	0.99	1	2713
399	0.99	1	2714
399	0.99	1	2715
400	0.99	1	2717
400	0.99	1	2719
401	0.99	1	2721
401	0.99	1	2723
401	0.99	1	2725
401	0.99	1	2727
402	0.99	1	2731
402	0.99	1	2735
402	0.99	1	2739
402	0.99	1	2743
402	0.99	1	2747
402	0.99	1	2751
403	0.99	1	2757
403	0.99	1	2763
403	0.99	1	2769
403	0.99	1	2775
403	0.99	1	2781
403	0.99	1	2787
403	0.99	1	2793
403	0.99	1	2799
403	0.99	1	2805
404	0.99	1	2814
404	1.99	1	2823
404	1.99	1	2832
404	1.99	1	2841
404	1.99	1	2850
404	1.99	1	2859
404	1.99	1	2868
404	1.99	1	2877
404	1.99	1	2886
404	1.99	1	2895
404	1.99	1	2904
404	1.99	1	2913
404	1.99	1	2922
404	0.99	1	2931
405	0.99	1	2945
406	0.99	1	2946
406	0.99	1	2947
407	0.99	1	2949
407	0.99	1	2951
408	0.99	1	2953
408	0.99	1	2955
408	0.99	1	2957
408	0.99	1	2959
409	0.99	1	2963
409	0.99	1	2967
409	0.99	1	2971
409	0.99	1	2975
409	0.99	1	2979
409	0.99	1	2983
410	0.99	1	2989
410	0.99	1	2995
410	0.99	1	3001
410	0.99	1	3007
410	0.99	1	3013
410	0.99	1	3019
410	0.99	1	3025
410	0.99	1	3031
410	0.99	1	3037
411	0.99	1	3046
411	0.99	1	3055
411	0.99	1	3064
411	0.99	1	3073
411	0.99	1	3082
411	0.99	1	3091
411	0.99	1	3100
411	0.99	1	3109
411	0.99	1	3118
411	0.99	1	3127
411	0.99	1	3136
411	0.99	1	3145
411	0.99	1	3154
411	0.99	1	3163
412	1.99	1	3177
