GenreId	TrackId
1	1
1	2
1	3
1	4
1	5
1	6
1	7
1	8
1	9
1	10
1	11
1	12
1	13
1	14
1	15
1	16
1	17
1	18
1	19
1	20
1	21
1	22
1	23
1	24
1	25
1	26
1	27
1	28
1	29
1	30
1	31
1	32
1	33
1	34
1	35
1	36
1	37
1	38
1	39
1	40
1	41
1	42
1	43
1	44
1	45
1	46
1	47
1	48
1	49
1	50
1	51
1	52
1	53
1	54
1	55
1	56
1	57
1	58
1	59
1	60
1	61
1	62
1	85
1	86
1	87
1	88
1	89
1	90
1	91
1	92
1	93
1	94
1	95
1	96
1	97
1	98
1	337
1	338
1	339
1	340
1	341
1	342
1	343
1	344
1	345
1	346
1	347
1	348
1	349
1	350
1	351
1	352
1	353
1	354
1	355
1	356
1	357
1	358
1	359
1	419
1	420
1	421
1	422
1	423
1	424
1	425
1	426
1	427
1	428
1	429
1	430
1	431
1	432
1	433
1	434
1	435
1	436
1	437
1	438
1	439
1	440
1	441
1	442
1	443
1	444
1	445
1	446
1	447
1	448
1	449
1	450
1	451
1	452
1	453
1	454
1	455
1	489
1	490
1	491
1	492
1	493
1	494
1	495
1	496
1	497
1	498
1	499
1	500
1	543
1	544
1	545
1	546
1	547
1	548
1	549
1	550
1	551
1	552
1	553
1	554
1	555
1	570
1	571
1	572
1	573
1	574
1	575
1	576
1	577
1	578
1	579
1	580
1	581
1	582
1	620
1	621
1	622
1	623
1	675
1	676
1	677
1	678
1	679
1	680
1	681
1	682
1	683
1	684
1	685
1	686
1	687
1	688
1	689
1	690
1	691
1	692
1	693
1	694
1	695
1	696
1	697
1	698
1	699
1	700
1	701
1	702
1	703
1	704
1	705
1	706
1	707
1	708
1	709
1	710
1	711
1	712
1	713
1	714
1	745
1	746
1	747
1	748
1	749
1	750
1	751
1	752
1	753
1	754
1	755
1	756
1	757
1	758
1	759
1	760
1	761
1	762
1	763
1	764
1	765
1	766
1	767
1	768
1	769
1	770
1	771
1	772
1	773
1	774
1	775
1	776
1	777
1	778
1	779
1	780
1	781
1	782
1	783
1	784
1	785
1	786
1	787
1	788
1	789
1	790
1	791
1	792
1	793
1	794
1	795
1	796
1	797
1	798
1	799
1	800
1	801
1	802
1	803
1	804
1	805
1	806
1	807
1	808
1	809
1	810
1	811
1	812
1	813
1	814
1	815
1	816
1	817
1	818
1	819
1	820
1	821
1	822
1	823
1	824
1	825
1	826
1	827
1	828
1	829
1	830
1	831
1	832
1	833
1	834
1	835
1	836
1	837
1	838
1	839
1	840
1	841
1	949
1	950
1	951
1	952
1	953
1	954
1	955
1	956
1	957
1	958
1	959
1	960
1	961
1	962
1	963
1	989
1	990
1	991
1	992
1	993
1	994
1	995
1	996
1	997
1	998
1	999
1	1000
1	1001
1	1002
1	1003
1	1004
1	1005
1	1006
1	1007
1	1008
1	1020
1	1021
1	1022
1	1023
1	1024
1	1025
1	1026
1	1027
1	1028
1	1029
1	1030
1	1031
1	1032
1	1146
1	1147
1	1148
1	1149
1	1150
1	1151
1	1152
1	1153
1	1154
1	1155
1	1156
1	1157
1	1158
1	1159
1	1160
1	1161
1	1162
1	1163
1	1164
1	1165
1	1166
1	1167
1	1168
1	1169
1	1170
1	1171
1	1172
1	1173
1	1201
1	1202
1	1203
1	1204
1	1205
1	1206
1	1207
1	1208
1	1209
1	1210
1	1211
1	1235
1	1236
1	1237
1	1238
1	1239
1	1240
1	1241
1	1242
1	1243
1	1244
1	1256
1	1257
1	1258
1	1259
1	1260
1	1261
1	1262
1	1263
1	1264
1	1265
1	1266
1	1267
1	1305
1	1306
1	1307
1	1308
1	1309
1	1310
1	1311
1	1312
1	1313
1	1314
1	1315
1	1316
1	1317
1	1318
1	1319
1	1320
1	1321
1	1322
1	1323
1	1324
1	1362
1	1363
1	1365
1	1366
1	1367
1	1368
1	1369
1	1370
1	1393
1	1395
1	1396
1	1397
1	1398
1	1399
1	1400
1	1401
1	1402
1	1403
1	1404
1	1405
1	1406
1	1407
1	1408
1	1409
1	1410
1	1411
1	1412
1	1413
1	1434
1	1435
1	1436
1	1437
1	1438
1	1439
1	1440
1	1441
1	1442
1	1443
1	1479
1	1480
1	1481
1	1482
1	1483
1	1484
1	1485
1	1486
1	1487
1	1488
1	1489
1	1490
1	1491
1	1492
1	1493
1	1494
1	1495
1	1496
1	1497
1	1498
1	1499
1	1500
1	1501
1	1502
1	1503
1	1504
1	1505
1	1562
1	1563
1	1564
1	1565
1	1566
1	1567
1	1568
1	1569
1	1570
1	1571
1	1572
1	1573
1	1574
1	1575
1	1576
1	1577
1	1578
1	1579
1	1580
1	1581
1	1582
1	1583
1	1584
1	1585
1	1586
1	1587
1	1588
1	1589
1	1590
1	1591
1	1592
1	1593
1	1594
1	1595
1	1596
1	1597
1	1598
1	1599
1	1600
1	1601
1	1602
1	1603
1	1604
1	1605
1	1606
1	1607
1	1608
1	1609
1	1610
1	1611
1	1612
1	1613
1	1614
1	1615
1	1616
1	1617
1	1618
1	1619
1	1620
1	1621
1	1622
1	1623
1	1624
1	1625
1	1626
1	1627
1	1628
1	1629
1	1630
1	1631
1	1632
1	1633
1	1634
1	1635
1	1636
1	1637
1	1638
1	1639
1	1640
1	1641
1	1642
1	1643
1	1644
1	1645
1	1646
1	1647
1	1648
1	1649
1	1650
1	1651
1	1652
1	1653
1	1654
1	1655
1	1656
1	1657
1	1658
1	1659
1	1660
1	1661
1	1662
1	1663
1	1664
1	1665
1	1666
1	1667
1	1668
1	1669
1	1670
1	1702
1	1703
1	1704
1	1705
1	1706
1	1707
1	1708
1	1709
1	1710
1	1711
1	1712
1	1713
1	1714
1	1715
1	1716
1	1745
1	1746
1	1747
1	1748
1	1749
1	1750
1	1751
1	1752
1	1753
1	1754
1	1791
1	1792
1	1793
1	1794
1	1795
1	1796
1	1797
1	1798
1	1799
1	1800
1	1986
1	1987
1	1988
1	1989
1	1990
1	1991
1	1992
1	1993
1	1994
1	1995
1	1996
1	1997
1	1998
1	1999
1	2000
1	2001
1	2002
1	2003
1	2004
1	2005
1	2006
1	2007
1	2008
1	2009
1	2010
1	2011
1	2012
1	2013
1	2014
1	2015
1	2016
1	2017
1	2018
1	2019
1	2020
1	2021
1	2022
1	2023
1	2024
1	2025
1	2026
1	2027
1	2028
1	2029
1	2093
1	2094
1	2095
1	2096
1	2097
1	2098
1	2113
1	2114
1	2115
1	2116
1	2117
1	2118
1	2119
1	2120
1	2121
1	2122
1	2123
1	2124
1	2139
1	2140
1	2141
1	2142
1	2143
1	2144
1	2145
1	2146
1	2147
1	2148
1	2149
1	2150
1	2151
1	2152
1	2153
1	2154
1	2155
1	2156
1	2157
1	2158
1	2159
1	2160
1	2161
1	2162
1	2163
1	2164
1	2178
1	2179
1	2180
1	2181
1	2182
1	2183
1	2184
1	2185
1	2186
1	2187
1	2188
1	2189
1	2190
1	2191
1	2192
1	2193
1	2194
1	2195
1	2196
1	2197
1	2198
1	2199
1	2200
1	2201
1	2202
1	2203
1	2204
1	2205
1	2206
1	2207
1	2208
1	2209
1	2210
1	2211
1	2212
1	2213
1	2214
1	2215
1	2229
1	2230
1	2231
1	2232
1	2233
1	2234
1	2235
1	2236
1	2237
1	2254
1	2255
1	2256
1	2257
1	2258
1	2259
1	2260
1	2261
1	2262
1	2263
1	2264
1	2265
1	2266
1	2267
1	2268
1	2269
1	2270
1	2271
1	2272
1	2273
1	2274
1	2275
1	2276
1	2277
1	2278
1	2279
1	2280
1	2281
1	2296
1	2297
1	2298
1	2299
1	2300
1	2301
1	2302
1	2303
1	2304
1	2305
1	2306
1	2307
1	2308
1	2309
1	2344
1	2345
1	2346
1	2347
1	2348
1	2349
1	2350
1	2351
1	2352
1	2353
1	2354
1	2355
1	2356
1	2357
1	2375
1	2376
1	2377
1	2378
1	2379
1	2380
1	2381
1	2382
1	2383
1	2384
1	2385
1	2386
1	2387
1	2388
1	2389
1	2390
1	2391
1	2392
1	2393
1	2394
1	2395
1	2396
1	2397
1	2398
1	2399
1	2400
1	2401
1	2402
1	2403
1	2404
1	2405
1	2406
1	2407
1	2408
1	2409
1	2410
1	2411
1	2412
1	2413
1	2414
1	2415
1	2416
1	2417
1	2418
1	2419
1	2420
1	2421
1	2422
1	2423
1	2424
1	2425
1	2426
1	2427
1	2428
1	2429
1	2430
1	2431
1	2432
1	2433
1	2434
1	2435
1	2436
1	2437
1	2438
1	2439
1	2440
1	2441
1	2442
1	2443
1	2444
1	2445
1	2446
1	2447
1	2448
1	2449
1	2450
1	2451
1	2452
1	2453
1	2454
1	2455
1	2456
1	2457
1	2458
1	2459
1	2460
1	2461
1	2462
1	2463
1	2464
1	2465
1	2466
1	2467
1	2468
1	2469
1	2470
1	2471
1	2506
1	2507
1	2508
1	2509
1	2510
1	2511
1	2512
1	2513
1	2514
1	2515
1	2516
1	2517
1	2518
1	2519
1	2520
1	2521
1	2522
1	2542
1	2543
1	2544
1	2545
1	2546
1	2547
1	2548
1	2549
1	2550
1	2551
1	2552
1	2553
1	2565
1	2566
1	2567
1	2568
1	2569
1	2570
1	2571
1	2609
1	2610
1	2611
1	2612
1	2613
1	2614
1	2615
1	2616
1	2617
1	2618
1	2619
1	2620
1	2621
1	2622
1	2623
1	2624
1	2625
1	2626
1	2627
1	2628
1	2629
1	2630
1	2631
1	2632
1	2633
1	2634
1	2635
1	2636
1	2637
1	2638
1	2639
1	2640
1	2641
1	2642
1	2643
1	2644
1	2645
1	2646
1	2647
1	2648
1	2649
1	2650
1	2651
1	2652
1	2653
1	2654
1	2655
1	2656
1	2657
1	2658
1	2659
1	2660
1	2661
1	2662
1	2663
1	2664
1	2665
1	2666
1	2667
1	2668
1	2669
1	2670
1	2671
1	2672
1	2673
1	2674
1	2675
1	2676
1	2677
1	2678
1	2679
1	2680
1	2681
1	2682
1	2683
1	2684
1	2685
1	2686
1	2687
1	2688
1	2689
1	2690
1	2691
1	2692
1	2693
1	2694
1	2695
1	2696
1	2697
1	2698
1	2699
1	2700
1	2701
1	2702
1	2703
1	2704
1	2731
1	2732
1	2733
1	2734
1	2735
1	2736
1	2737
1	2738
1	2739
1	2740
1	2741
1	2742
1	2743
1	2744
1	2745
1	2746
1	2747
1	2748
1	2749
1	2750
1	2926
1	2927
1	2928
1	2929
1	2930
1	2931
1	2932
1	2933
1	2934
1	2935
1	2936
1	2937
1	2938
1	2939
1	2940
1	2941
1	2942
1	2943
1	2944
1	2945
1	2946
1	2947
1	2948
1	2949
1	2950
1	2951
1	2952
1	2953
1	2954
1	2955
1	2956
1	2957
1	2958
1	2959
1	2960
1	2961
1	2962
1	2963
1	2964
1	2965
1	2966
1	2967
1	2968
1	2969
1	2970
1	2971
1	2972
1	2973
1	2974
1	2975
1	2976
1	2977
1	2978
1	2979
1	2980
1	2981
1	2982
1	2983
1	2984
1	2985
1	2986
1	2987
1	2988
1	2989
1	2990
1	2991
1	2992
1	2993
1	2994
1	2995
1	2996
1	2997
1	2998
1	2999
1	3000
1	3001
1	3002
1	3003
1	3004
1	3005
1	3006
1	3007
1	3008
1	3009
1	3010
1	3011
1	3012
1	3013
1	3014
1	3015
1	3016
1	3017
1	3018
1	3019
1	3020
1	3021
1	3022
1	3023
1	3024
1	3025
1	3026
1	3027
1	3028
1	3029
1	3030
1	3031
1	3032
1	3033
1	3034
1	3035
1	3036
1	3037
1	3052
1	3053
1	3054
1	3055
1	3056
1	3057
1	3058
1	3059
1	3060
1	3061
1	3062
1	3063
1	3064
1	3065
1	3066
1	3067
1	3068
1	3069
1	3070
1	3071
1	3072
1	3073
1	3074
1	3075
1	3076
1	3077
1	3078
1	3079
1	3080
1	3081
1	3082
1	3083
1	3084
1	3085
1	3086
1	3087
1	3088
1	3089
1	3090
1	3091
1	3092
1	3093
1	3094
1	3095
1	3096
1	3097
1	3098
1	3099
1	3100
1	3101
1	3102
1	3103
1	3104
1	3105
1	3106
1	3107
1	3108
1	3109
1	3110
1	3111
1	3112
1	3113
1	3114
1	3115
1	3116
1	3225
1	3276
1	3277
1	3278
1	3279
1	3280
1	3281
1	3282
1	3283
1	3284
1	3285
1	3286
1	3287
1	3288
1	3289
1	3290
1	3291
1	3292
1	3293
1	3294
1	3295
1	3296
1	3297
1	3298
1	3299
1	3353
1	3355
2	63
2	64
2	65
2	66
2	67
2	68
2	69
2	70
2	71
2	72
2	73
2	74
2	75
2	76
2	123
2	124
2	125
2	126
2	127
2	128
2	129
2	130
2	456
2	457
2	458
2	459
2	460
2	461
2	462
2	463
2	464
2	465
2	466
2	467
2	597
2	598
2	599
2	600
2	601
2	602
2	603
2	604
2	605
2	606
2	607
2	608
2	609
2	610
2	611
2	612
2	613
2	614
2	615
2	616
2	617
2	618
2	619
2	624
2	625
2	626
2	627
2	628
2	629
2	630
2	631
2	632
2	633
2	634
2	635
2	636
2	637
2	638
2	639
2	640
2	641
2	642
2	643
2	644
2	645
2	842
2	843
2	844
2	845
2	846
2	847
2	848
2	849
2	850
2	1102
2	1103
2	1104
2	1188
2	1189
2	1190
2	1191
2	1192
2	1193
2	1194
2	1195
2	1196
2	1197
2	1198
2	1199
2	1200
2	1902
2	1903
2	1904
2	1905
2	1906
2	1907
2	1908
2	1909
2	1910
2	1911
2	1912
2	1913
2	1914
2	1915
2	2523
2	2524
2	2525
2	2526
2	2527
2	2528
2	2529
2	2530
2	2531
2	3349
2	3350
2	3357
3	77
3	78
3	79
3	80
3	81
3	82
3	83
3	84
3	131
3	132
3	133
3	134
3	135
3	136
3	137
3	138
3	139
3	140
3	141
3	142
3	143
3	144
3	145
3	146
3	147
3	148
3	149
3	150
3	151
3	152
3	153
3	154
3	155
3	156
3	157
3	158
3	159
3	160
3	161
3	162
3	163
3	164
3	165
3	183
3	184
3	185
3	186
3	187
3	188
3	189
3	190
3	191
3	192
3	193
3	408
3	409
3	410
3	411
3	412
3	413
3	414
3	415
3	416
3	417
3	418
3	1121
3	1122
3	1123
3	1124
3	1125
3	1126
3	1127
3	1128
3	1129
3	1130
3	1131
3	1132
3	1174
3	1175
3	1176
3	1177
3	1178
3	1179
3	1180
3	1181
3	1182
3	1183
3	1184
3	1185
3	1186
3	1187
3	1212
3	1213
3	1214
3	1215
3	1216
3	1217
3	1218
3	1219
3	1220
3	1221
3	1222
3	1223
3	1224
3	1225
3	1226
3	1227
3	1228
3	1229
3	1230
3	1231
3	1232
3	1233
3	1234
3	1289
3	1290
3	1291
3	1292
3	1293
3	1294
3	1295
3	1296
3	1297
3	1298
3	1299
3	1325
3	1326
3	1327
3	1328
3	1329
3	1330
3	1331
3	1332
3	1333
3	1334
3	1335
3	1336
3	1337
3	1338
3	1339
3	1340
3	1341
3	1342
3	1343
3	1344
3	1345
3	1346
3	1347
3	1348
3	1349
3	1350
3	1351
3	1352
3	1353
3	1354
3	1355
3	1356
3	1357
3	1358
3	1359
3	1360
3	1361
3	1364
3	1371
3	1372
3	1373
3	1374
3	1375
3	1376
3	1377
3	1378
3	1379
3	1380
3	1381
3	1382
3	1383
3	1384
3	1385
3	1386
3	1387
3	1388
3	1389
3	1390
3	1391
3	1392
3	1394
3	1546
3	1547
3	1548
3	1549
3	1550
3	1551
3	1552
3	1553
3	1554
3	1555
3	1556
3	1557
3	1558
3	1559
3	1560
3	1561
3	1801
3	1802
3	1803
3	1804
3	1805
3	1806
3	1807
3	1808
3	1809
3	1810
3	1811
3	1812
3	1813
3	1814
3	1815
3	1816
3	1817
3	1818
3	1819
3	1820
3	1821
3	1822
3	1823
3	1824
3	1825
3	1826
3	1827
3	1828
3	1829
3	1830
3	1831
3	1832
3	1833
3	1834
3	1835
3	1836
3	1837
3	1838
3	1839
3	1840
3	1841
3	1842
3	1843
3	1844
3	1845
3	1846
3	1847
3	1848
3	1849
3	1850
3	1851
3	1852
3	1853
3	1854
3	1855
3	1856
3	1857
3	1858
3	1859
3	1860
3	1861
3	1862
3	1863
3	1864
3	1865
3	1866
3	1867
3	1868
3	1869
3	1870
3	1871
3	1872
3	1873
3	1874
3	1875
3	1876
3	1877
3	1878
3	1879
3	1880
3	1881
3	1882
3	1883
3	1884
3	1885
3	1886
3	1887
3	1888
3	1889
3	1890
3	1891
3	1892
3	1893
3	1894
3	1895
3	1896
3	1897
3	1898
3	1899
3	1900
3	1901
3	1942
3	1943
3	1944
3	1945
3	1946
3	1947
3	1948
3	1949
3	1950
3	1951
3	1952
3	1953
3	1954
3	1955
3	1956
3	1969
3	1970
3	1971
3	1972
3	1973
3	1974
3	1975
3	1976
3	1977
3	1978
3	1979
3	1980
3	1981
3	1982
3	1983
3	1984
3	1985
3	2099
3	2100
3	2101
3	2102
3	2103
3	2104
3	2105
3	2106
3	2107
3	2108
3	2109
3	2110
3	2111
3	2112
3	2554
3	2555
3	2556
3	2557
3	2558
3	2559
3	2560
3	2561
3	2562
3	2563
3	2564
3	3132
3	3133
3	3134
3	3135
3	3136
3	3137
3	3138
3	3139
3	3140
3	3141
3	3142
3	3143
3	3144
3	3145
4	99
4	100
4	101
4	102
4	103
4	104
4	105
4	106
4	107
4	108
4	109
4	110
4	166
4	167
4	168
4	169
4	170
4	171
4	172
4	173
4	174
4	175
4	176
4	177
4	178
4	179
4	180
4	181
4	182
4	468
4	469
4	470
4	471
4	472
4	473
4	474
4	475
4	476
4	477
4	478
4	479
4	480
4	481
4	482
4	483
4	484
4	485
4	486
4	487
4	488
4	529
4	530
4	531
4	532
4	533
4	534
4	535
4	536
4	537
4	538
4	539
4	540
4	541
4	542
4	923
4	924
4	925
4	926
4	927
4	928
4	929
4	930
4	931
4	932
4	933
4	934
4	935
4	936
4	937
4	938
4	939
4	940
4	941
4	942
4	943
4	944
4	945
4	946
4	947
4	948
4	964
4	965
4	966
4	967
4	968
4	969
4	970
4	971
4	972
4	973
4	974
4	1009
4	1010
4	1011
4	1012
4	1013
4	1014
4	1015
4	1016
4	1017
4	1018
4	1019
4	1133
4	1134
4	1135
4	1136
4	1137
4	1138
4	1139
4	1140
4	1141
4	1142
4	1143
4	1144
4	1145
4	1466
4	1467
4	1468
4	1469
4	1470
4	1471
4	1472
4	1473
4	1474
4	1475
4	1476
4	1477
4	1478
4	2165
4	2166
4	2167
4	2168
4	2169
4	2170
4	2171
4	2172
4	2173
4	2174
4	2175
4	2176
4	2177
4	2282
4	2283
4	2284
4	2285
4	2286
4	2287
4	2288
4	2289
4	2290
4	2291
4	2292
4	2293
4	2294
4	2295
4	2310
4	2311
4	2312
4	2313
4	2314
4	2315
4	2316
4	2317
4	2318
4	2319
4	2320
4	2321
4	2322
4	2323
4	2324
4	2325
4	2326
4	2327
4	2328
4	2329
4	2330
4	2331
4	2332
4	2333
4	2334
4	2335
4	2336
4	2337
4	2338
4	2339
4	2340
4	2341
4	2342
4	2343
4	2358
4	2359
4	2360
4	2361
4	2362
4	2363
4	2364
4	2365
4	2366
4	2367
4	2368
4	2369
4	2370
4	2371
4	2372
4	2373
4	2374
4	2472
4	2473
4	2474
4	2475
4	2476
4	2477
4	2478
4	2479
4	2480
4	2481
4	2482
4	2483
4	2484
4	2485
4	2486
4	2487
4	2488
4	2489
4	2490
4	2491
4	2492
4	2493
4	2494
4	2495
4	2496
4	2497
4	2498
4	2499
4	2500
4	2501
4	2502
4	2503
4	2504
4	2505
4	2591
4	2592
4	2593
4	2594
4	2595
4	2596
4	2597
4	2598
4	2599
4	2600
4	2601
4	2602
4	2603
4	2604
4	2605
4	2606
4	2607
4	2608
4	2705
4	2706
4	2707
4	2708
4	2709
4	2710
4	2711
4	2712
4	2713
4	2714
4	2715
4	2716
4	2717
4	2718
4	2719
4	2720
4	2721
4	2722
4	2723
4	2724
4	2725
4	2726
4	2727
4	2728
4	2729
4	2730
4	2781
4	2782
4	2783
4	2784
4	2785
4	2786
4	2787
4	2788
4	2789
4	2790
4	2791
4	2792
4	2793
4	2794
4	2795
4	2796
4	2797
4	2798
4	2799
4	2800
4	2801
4	2802
4	2803
4	2804
4	2805
4	2806
4	2807
4	2808
4	2809
4	2810
4	2811
4	2812
4	2813
4	2814
4	2815
4	2816
4	2817
4	2818
5	111
5	112
5	113
5	114
5	115
5	116
5	117
5	118
5	119
5	120
5	121
5	122
6	194
6	195
6	196
6	197
6	198
6	199
6	200
6	201
6	202
6	203
6	204
6	891
6	892
6	893
6	894
6	895
6	896
6	897
6	898
6	899
6	900
6	901
6	902
6	903
6	904
6	905
6	906
6	907
6	908
6	909
6	910
6	911
6	912
6	913
6	914
6	915
6	916
6	917
6	918
6	919
6	920
6	921
6	922
6	1268
6	1269
6	1270
6	1271
6	1272
6	1273
6	1274
6	1275
6	1276
6	2532
6	2533
6	2534
6	2535
6	2536
6	2537
6	2538
6	2539
6	2540
6	2541
6	2572
6	2573
6	2574
6	2575
6	2576
6	2577
6	2578
6	2579
6	2580
6	2581
6	2582
6	2583
6	2584
6	2585
6	2586
6	2587
6	2588
6	2589
6	2590
7	205
7	206
7	207
7	208
7	209
7	210
7	211
7	212
7	213
7	214
7	215
7	216
7	217
7	218
7	219
7	220
7	221
7	222
7	223
7	224
7	225
7	226
7	227
7	228
7	229
7	230
7	231
7	232
7	233
7	234
7	235
7	236
7	237
7	238
7	239
7	240
7	241
7	242
7	243
7	244
7	245
7	246
7	247
7	248
7	249
7	250
7	251
7	252
7	253
7	254
7	255
7	256
7	257
7	258
7	259
7	260
7	261
7	262
7	263
7	264
7	265
7	266
7	267
7	268
7	269
7	270
7	271
7	272
7	273
7	274
7	275
7	276
7	277
7	278
7	279
7	280
7	281
7	313
7	314
7	315
7	316
7	317
7	318
7	319
7	320
7	321
7	322
7	374
7	375
7	376
7	377
7	378
7	379
7	380
7	381
7	382
7	383
7	384
7	385
7	386
7	387
7	388
7	389
7	390
7	391
7	392
7	393
7	394
7	395
7	396
7	397
7	398
7	399
7	400
7	401
7	402
7	403
7	404
7	405
7	406
7	407
7	501
7	502
7	503
7	504
7	505
7	506
7	507
7	508
7	509
7	510
7	511
7	512
7	513
7	514
7	515
7	516
7	517
7	518
7	519
7	520
7	521
7	522
7	523
7	524
7	525
7	526
7	527
7	528
7	556
7	557
7	558
7	559
7	560
7	561
7	562
7	563
7	564
7	565
7	566
7	567
7	568
7	569
7	583
7	584
7	585
7	586
7	587
7	588
7	589
7	590
7	591
7	592
7	593
7	594
7	595
7	596
7	661
7	662
7	663
7	664
7	665
7	666
7	667
7	668
7	669
7	670
7	671
7	672
7	673
7	674
7	715
7	716
7	717
7	718
7	719
7	720
7	721
7	722
7	723
7	724
7	725
7	726
7	727
7	728
7	729
7	730
7	731
7	732
7	733
7	734
7	735
7	736
7	737
7	738
7	739
7	740
7	741
7	742
7	743
7	744
7	851
7	852
7	853
7	854
7	855
7	856
7	857
7	858
7	859
7	860
7	861
7	862
7	863
7	864
7	865
7	866
7	867
7	868
7	869
7	870
7	871
7	872
7	873
7	874
7	875
7	876
7	877
7	878
7	879
7	880
7	881
7	882
7	883
7	884
7	885
7	886
7	887
7	888
7	889
7	890
7	975
7	976
7	977
7	978
7	979
7	980
7	981
7	982
7	983
7	984
7	985
7	986
7	987
7	988
7	1057
7	1058
7	1059
7	1060
7	1061
7	1062
7	1063
7	1064
7	1065
7	1066
7	1067
7	1068
7	1069
7	1070
7	1071
7	1072
7	1087
7	1088
7	1089
7	1090
7	1091
7	1092
7	1093
7	1094
7	1095
7	1096
7	1097
7	1098
7	1099
7	1100
7	1101
7	1105
7	1106
7	1107
7	1108
7	1109
7	1110
7	1111
7	1112
7	1113
7	1114
7	1115
7	1116
7	1117
7	1118
7	1119
7	1120
7	1506
7	1507
7	1508
7	1509
7	1510
7	1511
7	1512
7	1513
7	1514
7	1515
7	1516
7	1517
7	1518
7	1519
7	1520
7	1521
7	1522
7	1523
7	1524
7	1525
7	1526
7	1527
7	1528
7	1529
7	1530
7	1531
7	1671
7	1672
7	1673
7	1674
7	1675
7	1676
7	1677
7	1678
7	1679
7	1680
7	1681
7	1682
7	1683
7	1684
7	1685
7	1686
7	1687
7	1688
7	1689
7	1690
7	1691
7	1692
7	1693
7	1694
7	1695
7	1696
7	1697
7	1698
7	1699
7	1700
7	1701
7	1717
7	1718
7	1719
7	1720
7	1721
7	1722
7	1723
7	1724
7	1725
7	1726
7	1727
7	1728
7	1729
7	1730
7	1731
7	1732
7	1733
7	1734
7	1735
7	1736
7	1737
7	1738
7	1739
7	1740
7	1741
7	1742
7	1743
7	1744
7	1755
7	1756
7	1757
7	1758
7	1759
7	1760
7	1761
7	1762
7	1763
7	1764
7	1765
7	1766
7	1767
7	1768
7	1769
7	1770
7	1771
7	1772
7	1916
7	1917
7	1918
7	1919
7	1920
7	1921
7	1922
7	1923
7	1924
7	1925
7	1926
7	1927
7	1928
7	1929
7	1930
7	1931
7	1932
7	1933
7	1934
7	1935
7	1936
7	1937
7	1938
7	1939
7	1940
7	1941
7	2030
7	2031
7	2032
7	2033
7	2034
7	2035
7	2036
7	2037
7	2038
7	2039
7	2040
7	2041
7	2042
7	2043
7	2044
7	2045
7	2046
7	2047
7	2048
7	2049
7	2050
7	2051
7	2052
7	2053
7	2054
7	2055
7	2056
7	2057
7	2058
7	2059
7	2060
7	2061
7	2062
7	2063
7	2064
7	2065
7	2066
7	2067
7	2068
7	2069
7	2070
7	2071
7	2072
7	2073
7	2074
7	2075
7	2076
7	2077
7	2078
7	2079
7	2080
7	2081
7	2082
7	2083
7	2084
7	2085
7	2086
7	2087
7	2088
7	2089
7	2090
7	2091
7	2092
7	2751
7	2752
7	2753
7	2754
7	2755
7	2756
7	2757
7	2758
7	2759
7	2760
7	2761
7	2762
7	2763
7	2764
7	2765
7	2766
7	2767
7	2768
7	2769
7	2770
7	2771
7	2772
7	2773
7	2774
7	2775
7	2776
7	2777
7	2778
7	2779
7	2780
7	3117
7	3118
7	3119
7	3120
7	3121
7	3122
7	3123
7	3124
7	3125
7	3126
7	3127
7	3128
7	3129
7	3130
7	3131
7	3146
7	3147
7	3148
7	3149
7	3150
7	3151
7	3152
7	3153
7	3154
7	3155
7	3156
7	3157
7	3158
7	3159
7	3160
7	3161
7	3162
7	3163
7	3164
7	3356
8	282
8	283
8	284
8	285
8	286
8	287
8	288
8	289
8	290
8	291
8	292
8	293
8	294
8	295
8	296
8	297
8	298
8	299
8	300
8	301
8	302
8	303
8	304
8	305
8	306
8	307
8	308
8	309
8	310
8	311
8	312
8	2216
8	2217
8	2218
8	2219
8	2220
8	2221
8	2222
8	2223
8	2224
8	2225
8	2226
8	2227
8	2228
8	3038
8	3039
8	3040
8	3041
8	3042
8	3043
8	3044
8	3045
8	3046
8	3047
8	3048
8	3049
8	3050
8	3051
9	323
9	324
9	325
9	326
9	327
9	328
9	329
9	330
9	331
9	332
9	333
9	334
9	335
9	336
9	3253
9	3254
9	3255
9	3256
9	3257
9	3258
9	3259
9	3260
9	3261
9	3262
9	3263
9	3264
9	3265
9	3266
9	3267
9	3268
9	3269
9	3270
9	3271
9	3272
9	3273
9	3274
9	3275
9	3467
9	3468
9	3469
9	3470
9	3471
9	3472
9	3473
9	3474
9	3475
9	3476
9	3477
10	360
10	361
10	362
10	363
10	364
10	365
10	366
10	367
10	368
10	369
10	370
10	371
10	372
10	373
10	1073
10	1074
10	1075
10	1076
10	1077
10	1078
10	1079
10	1080
10	1081
10	1082
10	1083
10	1084
10	1085
10	1086
10	2125
10	2126
10	2127
10	2128
10	2129
10	2130
10	2131
10	2132
10	2133
10	2134
10	2135
10	2136
10	2137
10	2138
10	3503
11	646
11	647
11	648
11	649
11	650
11	651
11	652
11	653
11	654
11	655
11	656
11	657
11	658
11	659
11	660
12	1033
12	1034
12	1035
12	1036
12	1037
12	1038
12	1039
12	1040
12	1041
12	1042
12	1043
12	1044
12	1045
12	1046
12	1047
12	1048
12	1049
12	1050
12	1051
12	1052
12	1053
12	1054
12	1055
12	1056
13	1245
13	1246
13	1247
13	1248
13	1249
13	1250
13	1251
13	1252
13	1253
13	1254
13	1255
13	1277
13	1278
13	1279
13	1280
13	1281
13	1282
13	1283
13	1284
13	1285
13	1286
13	1287
13	1288
13	1300
13	1301
13	1302
13	1303
13	1304
14	1414
14	1415
14	1416
14	1417
14	1418
14	1419
14	1420
14	1421
14	1422
14	1423
14	1424
14	1425
14	1426
14	1427
14	1428
14	1429
14	1430
14	1431
14	1432
14	1433
14	1444
14	1445
14	1446
14	1447
14	1448
14	1449
14	1450
14	1451
14	1452
14	1453
14	1454
14	1773
14	1774
14	1775
14	1776
14	1777
14	1778
14	1779
14	1780
14	1781
14	1782
14	1783
14	1784
14	1785
14	1786
14	1787
14	1788
14	1789
14	1790
14	3455
14	3456
14	3457
14	3458
14	3459
14	3460
14	3461
14	3462
14	3463
14	3464
14	3465
14	3466
15	1455
15	1456
15	1457
15	1458
15	1459
15	1460
15	1461
15	1462
15	1463
15	1464
15	1465
15	3319
15	3320
15	3321
15	3322
15	3323
15	3324
15	3325
15	3326
15	3327
15	3328
15	3329
15	3330
15	3331
15	3332
15	3333
15	3334
15	3335
15	3352
15	3358
16	1532
16	1533
16	1534
16	1535
16	1536
16	1537
16	1538
16	1539
16	1540
16	1541
16	1542
16	1543
16	1544
16	1545
16	1957
16	1958
16	1959
16	1960
16	1961
16	1962
16	1963
16	1964
16	1965
16	1966
16	1967
16	1968
16	3351
16	3354
17	2238
17	2239
17	2240
17	2241
17	2242
17	2243
17	2244
17	2245
17	2246
17	2247
17	2248
17	2249
17	2250
17	2251
17	2252
17	2253
17	3300
17	3301
17	3302
17	3303
17	3304
17	3305
17	3306
17	3307
17	3308
17	3309
17	3310
17	3311
17	3312
17	3313
17	3314
17	3315
17	3316
17	3317
17	3318
18	2819
18	2825
18	2826
18	2827
18	2828
18	2829
18	2830
18	2831
18	2832
18	2833
18	2834
18	2835
18	2836
19	2820
19	2821
19	2822
19	2823
19	2824
19	2839
19	2845
19	2848
19	2857
19	2858
19	2859
19	2860
19	2861
19	2863
19	2864
19	2865
19	2867
19	2868
19	2869
19	2870
19	2871
19	2872
19	2873
19	2874
19	2877
19	2878
19	2879
19	2880
19	2883
19	2884
19	2885
19	2887
19	2888
19	2893
19	2894
19	2896
19	2898
19	2901
19	2904
19	2906
19	2910
19	2911
19	2913
19	2914
19	2915
19	2917
19	2918
19	2919
19	2920
19	2921
19	2923
19	2924
19	2925
19	3172
19	3173
19	3174
19	3175
19	3176
19	3177
19	3178
19	3179
19	3180
19	3181
19	3182
19	3183
19	3184
19	3185
19	3186
19	3187
19	3188
19	3189
19	3190
19	3191
19	3192
19	3193
19	3194
19	3195
19	3196
19	3197
19	3198
19	3199
19	3200
19	3201
19	3202
19	3203
19	3204
19	3205
19	3206
19	3207
19	3250
19	3343
19	3346
19	3347
20	2837
20	2838
20	3226
20	3227
20	3228
20	3229
20	3230
20	3231
20	3232
20	3233
20	3234
20	3235
20	3236
20	3237
20	3238
20	3239
20	3240
20	3241
20	3242
20	3243
20	3244
20	3245
20	3246
20	3247
20	3248
20	3249
21	2840
21	2841
21	2842
21	2843
21	2844
21	2846
21	2847
21	2849
21	2850
21	2851
21	2852
21	2853
21	2854
21	2855
21	2856
21	2862
21	2866
21	2875
21	2876
21	2881
21	2882
21	2886
21	2889
21	2890
21	2891
21	2892
21	2895
21	2897
21	2899
21	2900
21	2902
21	2903
21	2905
21	2907
21	2908
21	2909
21	2912
21	2916
21	2922
21	3165
21	3166
21	3167
21	3168
21	3169
21	3170
21	3171
21	3223
21	3224
21	3251
21	3252
21	3337
21	3338
21	3339
21	3340
21	3341
21	3342
21	3344
21	3345
21	3348
21	3360
21	3361
21	3362
21	3363
21	3364
22	3208
22	3209
22	3210
22	3211
22	3212
22	3213
22	3214
22	3215
22	3216
22	3217
22	3218
22	3219
22	3220
22	3221
22	3222
22	3428
22	3429
23	3336
23	3365
23	3366
23	3367
23	3368
23	3369
23	3370
23	3371
23	3372
23	3373
23	3374
23	3375
23	3376
23	3377
23	3378
23	3379
23	3380
23	3381
23	3382
23	3383
23	3384
23	3385
23	3386
23	3387
23	3388
23	3389
23	3390
23	3391
23	3392
23	3393
23	3394
23	3395
23	3396
23	3397
23	3398
23	3399
23	3400
23	3401
23	3402
23	3478
24	3359
24	3403
24	3404
24	3405
24	3406
24	3407
24	3408
24	3409
24	3410
24	3411
24	3412
24	3413
24	3414
24	3415
24	3416
24	3417
24	3418
24	3419
24	3420
24	3421
24	3422
24	3423
24	3424
24	3425
24	3426
24	3427
24	3430
24	3431
24	3432
24	3433
24	3434
24	3435
24	3436
24	3437
24	3438
24	3439
24	3440
24	3441
24	3442
24	3443
24	3444
24	3445
24	3446
24	3447
24	3448
24	3449
24	3450
24	3452
24	3453
24	3454
24	3479
24	3480
24	3481
24	3482
24	3483
24	3484
24	3485
24	3486
24	3487
24	3488
24	3489
24	3490
24	3491
24	3492
24	3493
24	3494
24	3495
24	3496
24	3497
24	3498
24	3499
24	3500
24	3501
24	3502
25	3451
